1085559
0.0070582174137 0.107083977331 0.0220092735703 0.0786295723854 0.109103554869 0.103663060278 0.0329366306028 0.0132457496136 0.0117568263782 0.0195723853684 0.0100669757857 0.000175167439464 0.0168366821226 0.0616589386914 0.0541112828439 0.0576558475013 0.0760175167439 0.0396239052035 0.0200515198351 0.0631324059763 0.0379598145286 0.0264348274086 0.0297630087584 0.000298815043792 0.000319422977846 0.000175167439464 0.000659453889748 
0.353789307571 0.00156268042031 0.015549824872 0.027281474924 0.0541395635272 0.00302528771025 0.00416458180978 0.0133944036026 0.000739001578076 0.0309687848813 0.00137793002579 0.000153958662099 0.0496131788615 0.0465032138871 0.0694892421385 0.058304145337 0.0122243177707 0.00725145298487 0.0955159539664 0.094245795004 0.0226011315962 0.0066664100689 0.0227627881914 6.92813979447e-05 0.000662022247027 0.000277125591779 0.00766714137254 
0.0105993447678 0.198015031798 0.00337251878975 0.00125264983619 0.000770861437657 0.233185584891 0.0 0.0 9.63576797071e-05 0.0822894584698 0.00366159182887 0.0 0.0262092888803 0.00221622663326 9.63576797071e-05 0.155714010407 0.000192715359414 9.63576797071e-05 0.206976296011 0.0159953748314 0.00173443823473 0.0551165927924 0.00163808055502 0.0 0.0 0.000770861437657 0.0 
0.00365005132885 0.288724763317 0.000199612182046 0.00111212501426 0.000342192312079 0.0934470172237 2.85160260066e-05 0.0 0.0608817155241 0.115347325197 0.0 0.00122618911828 0.0157693623817 0.00142580130033 0.00202463784647 0.334293372876 0.000114064104026 2.85160260066e-05 0.0400935325653 0.000142580130033 0.00299418273069 0.0376696703547 2.85160260066e-05 0.0 0.0 0.000456256416106 0.0 
0.00404674214523 0.214636475242 0.000250079570773 2.27345064339e-05 0.000113672532169 0.35643159187 0.0 2.27345064339e-05 0.0 0.0962124312281 0.00040922111581 0.0 6.82035193016e-05 0.00111399081526 0.000613831673714 0.297890237803 2.27345064339e-05 0.000250079570773 0.0107988905561 0.00040922111581 2.27345064339e-05 0.0157322784522 0.000682035193016 2.27345064339e-05 0.0 0.000227345064339 0.0 
0.340407074959 0.00625496516395 0.00477568873102 0.0264991370887 0.0131125985043 0.0011140229927 0.00431912193073 0.0154867458658 3.65253440231e-05 0.0409723046579 0.00452914265886 2.73940080173e-05 0.0577191748925 0.0761279482801 0.0960981801247 0.00218238930538 0.00847387981336 0.00233762201748 0.101522193712 0.119118278195 0.0168199209226 0.0315487658999 0.0113228566472 0.000219152064139 0.0102362276625 0.000264808744167 0.00847387981336 
0.00455630288566 0.196137990887 0.0 0.0 0.000108483402039 0.167715339553 0.00151876762855 0.0 0.0041223692775 0.244847038403 0.0 0.0 0.0263614666956 0.00130180082447 0.00162725103059 0.192449555218 0.0 0.0 0.0815795183337 0.000216966804079 0.000867867216316 0.0765892818399 0.0 0.0 0.0 0.0 0.0 
0.00469224399669 0.231116018033 9.20047842488e-05 0.0 9.20047842488e-05 0.130370779281 0.0 0.000460023921244 0.00220811482197 0.0852884349986 0.0 0.0 0.0145367559113 0.00128806697948 0.0150887846168 0.199098353114 0.000276014352746 9.20047842488e-05 0.118318152544 0.000552028705493 0.000368019136995 0.195786180881 0.000184009568498 0.0 0.0 9.20047842488e-05 0.0 
0.0212296195652 0.379925271739 0.000169836956522 0.00271739130435 0.000169836956522 0.168902853261 0.0 8.49184782609e-05 0.00755774456522 0.0523097826087 0.0 0.0 8.49184782609e-05 0.000849184782609 0.000509510869565 0.333220108696 0.0 0.0 0.000169836956522 8.49184782609e-05 0.000764266304348 0.0306555706522 0.0 8.49184782609e-05 0.0 0.000509510869565 0.0 
0.054392569398 0.125708053337 0.00770502761848 0.0729514829539 0.0644548429089 0.0109066600992 0.00765225345671 0.0251908665517 0.000140731098054 0.000703655490272 0.00204060092179 0.000228688034338 0.0440840164655 0.0541638813637 0.141135699961 0.0570664602611 0.0064736305105 0.00221651479436 0.0676037012279 0.128047707842 0.0631882630264 0.00967526299124 0.0256658340077 0.0 0.00953453189319 0.0 0.0190690637864 
0.000884694780301 0.434974933648 0.000884694780301 0.0 0.0 0.145089943969 0.0 0.0 0.0 0.00796225302271 0.0 0.000589796520201 0.0 0.0 0.0041285756414 0.278089059275 0.0 0.0 0.0002948982601 0.0 0.0002948982601 0.126806251843 0.0 0.0 0.0 0.0 0.0 
0.411458333333 0.0677083333333 0.0 0.0 0.0 0.208333333333 0.0 0.00520833333333 0.0 0.15625 0.0 0.0 0.0208333333333 0.0208333333333 0.0 0.03125 0.0 0.0 0.0 0.03125 0.0 0.0208333333333 0.0 0.0 0.0 0.0260416666667 0.0 
0.110158790893 0.190166443467 0.00244882341687 0.00807346470251 0.0148077290989 0.164798163382 0.00153051463555 0.0174478668452 0.12014539889 0.132504304572 0.0 0.000153051463555 0.00593074421274 0.0194375358714 0.00103309737899 0.0997895542376 0.0053950640903 0.0050506982973 0.000420891524775 0.00600726994452 0.0369236655826 0.0396785919265 0.0164147694662 3.82628658887e-05 0.0 0.000994834513105 0.000650468720107 
0.31394796917 0.228375110187 0.0242976290035 0.000226024455846 0.000113012227923 0.162466378862 0.000158217119092 2.26024455846e-05 0.0 0.0604389394933 2.26024455846e-05 0.0 0.000226024455846 0.000904097823384 0.00167258097326 0.11773613905 0.0460411816559 0.0 0.000519856248446 0.00180819564677 0.000361639129354 0.040209750695 0.0002938317926 2.26024455846e-05 0.0 0.000135614673508 0.0 
0.00761002379472 0.178610473965 0.000128620120474 0.066089305237 0.129691954811 0.0460674398165 0.0113614439752 0.0234946086733 0.0777937362001 0.0481467984308 0.00319406632511 0.000471607108405 0.000342986987931 0.000664537289117 0.00212223198782 0.119895388969 2.14366867457e-05 0.00580934210808 0.001264764518 0.0443096315034 0.197496194988 0.0238375956612 0.00878904156574 0.0 0.000643100602371 0.000364423674677 0.00177924499989 
0.448226412775 0.00820469747099 0.0118409866123 0.0225859649482 0.0186628699028 0.00850174644309 0.00415868560951 0.00697552931054 0.000348264312127 0.0217357903039 0.00297048972108 0.000153646020056 0.0336894506643 0.063138271175 0.0481731488215 0.00128038350047 0.0074159812347 0.000993577596362 0.0889508025444 0.1312546734 0.0093416780194 0.046708390097 0.0100586927797 0.000471181128172 0.00112673748041 0.000215104428078 0.00281684370103 
0.00140851269862 0.268189621022 0.000132048065496 0.00233284915709 0.000572208283815 0.210264536291 0.00022008010916 4.40160218319e-05 0.000572208283815 0.0459967428144 0.0 0.000440160218319 0.0296227826929 0.000440160218319 0.0011004005458 0.236982261543 0.00202473700427 4.40160218319e-05 0.163915665302 0.00466569831419 0.00475373035785 0.025925436859 0.0 0.0 0.0 0.000352128174656 0.0 
0.000194874792946 0.000194874792946 0.0 0.0 0.0 0.00555393159895 0.0 0.0 0.0 0.00282568449771 0.0 0.0 0.0 0.0 0.0 0.0 0.0 0.0 0.0 0.0 9.74373964728e-05 0.991133196921 0.0 0.0 0.0 0.0 0.0 
0.168496976135 0.254484400966 0.00267265157875 0.0152478199044 0.0218951840874 0.155133718241 0.00173037057342 0.0134660521852 1.71323819151e-05 0.113741883534 0.000394044784046 0.000256985728726 0.00238140108619 0.0169781904778 0.0191368705991 0.104370470627 0.00394044784046 0.00633898130857 0.0353783686546 0.00788089568093 0.036097928695 0.0140999503161 0.00515684695643 8.56619095753e-05 0.00013705905532 0.000239853346811 0.000239853346811 
0.398657279506 0.0930249829189 0.000995157888483 0.0260969016428 0.00133677925319 0.137792234798 0.00283694263732 0.00108427650536 0.00273297091762 0.0406380892969 1.48531028132e-05 0.000118824822505 0.000861479963164 0.01446692214 0.000534711701274 0.0699729673529 0.0178831357871 0.00499064254523 0.000787214449098 0.0691114873897 0.0871728604105 0.0279980988028 0.000757508243472 5.94124112527e-05 0.0 7.42655140659e-05 0.0 
0.00501526384649 0.262538159616 0.000136284343655 0.000817706061928 0.000109027474924 0.249700174444 0.000109027474924 8.17706061928e-05 0.0022895769734 0.113170518971 0.0 0.0 0.000953990405582 0.000981247274313 0.00234409071086 0.202981901439 0.000109027474924 0.0 0.113170518971 0.000463366768426 0.00168992586132 0.0412941561273 0.00152638464893 8.17706061928e-05 0.0 0.000381596162233 5.45137374618e-05 
0.155848393574 0.0783885542169 0.0131526104418 0.0201807228916 0.0248493975904 0.21937751004 0.00190763052209 0.00800702811245 0.000150602409639 0.0557730923695 0.00308734939759 2.51004016064e-05 0.0495481927711 0.147565261044 0.0522590361446 0.00341365461847 0.0112951807229 0.000627510040161 0.0516064257028 0.0479668674699 0.0350903614458 0.000175702811245 0.0097640562249 0.0 0.00298694779116 0.000200803212851 0.00675200803213 
0.00963104595992 0.267544791445 0.0 0.0 0.0 0.322994122229 0.0 0.0 0.0 0.223213653424 0.0 0.0 0.000141633028822 0.0 0.000283266057645 0.159478790454 0.0 0.0 0.0146590184831 0.000212449543233 0.0 0.00184122937469 0.0 0.0 0.0 0.0 0.0 
0.239263803681 0.226993865031 0.0184049079755 0.0 0.0 0.0736196319018 0.0 0.0245398773006 0.0429447852761 0.171779141104 0.00613496932515 0.00613496932515 0.00613496932515 0.00613496932515 0.00613496932515 0.0858895705521 0.0 0.0 0.0 0.0429447852761 0.0368098159509 0.0 0.0 0.0 0.0 0.00613496932515 0.0 
0.025 0.220673076923 0.000480769230769 0.0408653846154 0.00144230769231 0.122596153846 0.0 0.000480769230769 0.0 0.178365384615 0.000961538461538 0.0 0.0 0.00336538461538 0.00192307692308 0.187019230769 0.111057692308 0.0 0.0 0.00288461538462 0.06875 0.0288461538462 0.00192307692308 0.0 0.000961538461538 0.00240384615385 0.0 
0.598540145985 0.036496350365 0.014598540146 0.0036496350365 0.0109489051095 0.0109489051095 0.0 0.0036496350365 0.0 0.0 0.0 0.0036496350365 0.0255474452555 0.00729927007299 0.0182481751825 0.0875912408759 0.0036496350365 0.0 0.0328467153285 0.0766423357664 0.0 0.0182481751825 0.00729927007299 0.036496350365 0.0 0.0 0.0036496350365 
0.305497382199 0.188219895288 0.0 0.0 0.0 0.271204188482 0.0 0.0 0.000261780104712 0.164921465969 0.0 0.0 0.000523560209424 0.00418848167539 0.00261780104712 0.0392670157068 0.0 0.000261780104712 0.0 0.00130890052356 0.000523560209424 0.0138743455497 0.000261780104712 0.0 0.0 0.00104712041885 0.00602094240838 
